2
8
3
25
0.6625573162957011 0.941101707535567 0.8496502385913065 
0.028401278628915838 0.7244395480204345 0.7485859015686002 
0.7074344306739492 0.8031282518259416 0.5377125521367199 
0.4315376568944892 0.6660183821172071 0.8297235936218907 
0.18855213195260756 0.12031470190845783 0.25621491668704854 
0.4690975622925059 0.21079173443552568 0.6819419669282626 
0.8923341450942606 0.9119662817270272 0.34830280766347876 
0.43062999359169396 0.46336543224434235 0.5316092274069886 
0.10344105894439515 0.33373913405122835 0.8350973239208993 0.610473001976594 0.2655931558393242 0.1236043840384855 0.049291841495542554 0.20257036415200025 0.9736225488941738 
0.4738462601394835 0.5610794464079222 0.6473435061170386 0.21510267612570433 0.4379148869348706 0.7473348577327666 0.8631573576034037 0.46310980350485886 0.4679110809647039 
0.6284872573658813 0.4657352424004789 0.05542502291818019 0.12123373428840989 0.07707456643608013 0.08735171334523184 0.38866979490738984 0.8502777567075023 0.9116956673302774 
0.609187686798477 0.12515596434897602 0.5972011027614617 0.04561115570313745 0.131053445747215 0.23955477593577545 0.08417477281317542 0.27422594088262986 0.7832932863756148 
0.6271252539881826 0.8900091608915487 0.027108741838750117 0.18493025955372133 0.8123827657104129 0.1389410305177965 0.4998794352084446 0.8741125685617425 0.8811809675859018 
0.12957957580989687 0.5835883140588634 0.29324154784571765 0.7093884775090306 0.3026277439715044 0.2591783976743346 0.058659698568919616 0.8922752205095097 0.35820834153018954 
0.7956192980377589 0.04261665431021977 0.5591394039748283 0.4644213014212166 0.26943942205389293 0.4083432733328256 0.09957557378971238 0.44904847655826885 0.4628488858676185 
0.1024284428791079 0.8731227874713945 0.721679362012734 0.8607995010094797 0.9915473516201545 0.8641483445350555 0.9478691832166493 0.47245476586380786 0.6276928819844435 
0.10344105894439515 0.33373913405122835 0.8350973239208993 0.610473001976594 0.2655931558393242 0.1236043840384855 0.049291841495542554 0.20257036415200025 0.9736225488941738 
0.4738462601394835 0.5610794464079222 0.6473435061170386 0.21510267612570433 0.4379148869348706 0.7473348577327666 0.8631573576034037 0.46310980350485886 0.4679110809647039 
0.6284872573658813 0.4657352424004789 0.05542502291818019 0.12123373428840989 0.07707456643608013 0.08735171334523184 0.38866979490738984 0.8502777567075023 0.9116956673302774 
0.609187686798477 0.12515596434897602 0.5972011027614617 0.04561115570313745 0.131053445747215 0.23955477593577545 0.08417477281317542 0.27422594088262986 0.7832932863756148 
0.6271252539881826 0.8900091608915487 0.027108741838750117 0.18493025955372133 0.8123827657104129 0.1389410305177965 0.4998794352084446 0.8741125685617425 0.8811809675859018 
0.12957957580989687 0.5835883140588634 0.29324154784571765 0.7093884775090306 0.3026277439715044 0.2591783976743346 0.058659698568919616 0.8922752205095097 0.35820834153018954 
0.7956192980377589 0.04261665431021977 0.5591394039748283 0.4644213014212166 0.26943942205389293 0.4083432733328256 0.09957557378971238 0.44904847655826885 0.4628488858676185 
0.1024284428791079 0.8731227874713945 0.721679362012734 0.8607995010094797 0.9915473516201545 0.8641483445350555 0.9478691832166493 0.47245476586380786 0.6276928819844435 
0.10344105894439515 0.33373913405122835 0.8350973239208993 0.610473001976594 0.2655931558393242 0.1236043840384855 0.049291841495542554 0.20257036415200025 0.9736225488941738 
0.4738462601394835 0.5610794464079222 0.6473435061170386 0.21510267612570433 0.4379148869348706 0.7473348577327666 0.8631573576034037 0.46310980350485886 0.4679110809647039 
0.6284872573658813 0.4657352424004789 0.05542502291818019 0.12123373428840989 0.07707456643608013 0.08735171334523184 0.38866979490738984 0.8502777567075023 0.9116956673302774 
0.609187686798477 0.12515596434897602 0.5972011027614617 0.04561115570313745 0.131053445747215 0.23955477593577545 0.08417477281317542 0.27422594088262986 0.7832932863756148 
0.6271252539881826 0.8900091608915487 0.027108741838750117 0.18493025955372133 0.8123827657104129 0.1389410305177965 0.4998794352084446 0.8741125685617425 0.8811809675859018 
0.12957957580989687 0.5835883140588634 0.29324154784571765 0.7093884775090306 0.3026277439715044 0.2591783976743346 0.058659698568919616 0.8922752205095097 0.35820834153018954 
0.7956192980377589 0.04261665431021977 0.5591394039748283 0.4644213014212166 0.26943942205389293 0.4083432733328256 0.09957557378971238 0.44904847655826885 0.4628488858676185 
0.1024284428791079 0.8731227874713945 0.721679362012734 0.8607995010094797 0.9915473516201545 0.8641483445350555 0.9478691832166493 0.47245476586380786 0.6276928819844435 
0.10344105894439515 0.33373913405122835 0.8350973239208993 0.610473001976594 0.2655931558393242 0.1236043840384855 0.049291841495542554 0.20257036415200025 0.9736225488941738 
0.4738462601394835 0.5610794464079222 0.6473435061170386 0.21510267612570433 0.4379148869348706 0.7473348577327666 0.8631573576034037 0.46310980350485886 0.4679110809647039 
0.6284872573658813 0.4657352424004789 0.05542502291818019 0.12123373428840989 0.07707456643608013 0.08735171334523184 0.38866979490738984 0.8502777567075023 0.9116956673302774 
0.609187686798477 0.12515596434897602 0.5972011027614617 0.04561115570313745 0.131053445747215 0.23955477593577545 0.08417477281317542 0.27422594088262986 0.7832932863756148 
0.6271252539881826 0.8900091608915487 0.027108741838750117 0.18493025955372133 0.8123827657104129 0.1389410305177965 0.4998794352084446 0.8741125685617425 0.8811809675859018 
0.12957957580989687 0.5835883140588634 0.29324154784571765 0.7093884775090306 0.3026277439715044 0.2591783976743346 0.058659698568919616 0.8922752205095097 0.35820834153018954 
0.7956192980377589 0.04261665431021977 0.5591394039748283 0.4644213014212166 0.26943942205389293 0.4083432733328256 0.09957557378971238 0.44904847655826885 0.4628488858676185 
0.1024284428791079 0.8731227874713945 0.721679362012734 0.8607995010094797 0.9915473516201545 0.8641483445350555 0.9478691832166493 0.47245476586380786 0.6276928819844435 
0.10344105894439515 0.33373913405122835 0.8350973239208993 0.610473001976594 0.2655931558393242 0.1236043840384855 0.049291841495542554 0.20257036415200025 0.9736225488941738 
0.4738462601394835 0.5610794464079222 0.6473435061170386 0.21510267612570433 0.4379148869348706 0.7473348577327666 0.8631573576034037 0.46310980350485886 0.4679110809647039 
0.6284872573658813 0.4657352424004789 0.05542502291818019 0.12123373428840989 0.07707456643608013 0.08735171334523184 0.38866979490738984 0.8502777567075023 0.9116956673302774 
0.609187686798477 0.12515596434897602 0.5972011027614617 0.04561115570313745 0.131053445747215 0.23955477593577545 0.08417477281317542 0.27422594088262986 0.7832932863756148 
0.6271252539881826 0.8900091608915487 0.027108741838750117 0.18493025955372133 0.8123827657104129 0.1389410305177965 0.4998794352084446 0.8741125685617425 0.8811809675859018 
0.12957957580989687 0.5835883140588634 0.29324154784571765 0.7093884775090306 0.3026277439715044 0.2591783976743346 0.058659698568919616 0.8922752205095097 0.35820834153018954 
0.7956192980377589 0.04261665431021977 0.5591394039748283 0.4644213014212166 0.26943942205389293 0.4083432733328256 0.09957557378971238 0.44904847655826885 0.4628488858676185 
0.1024284428791079 0.8731227874713945 0.721679362012734 0.8607995010094797 0.9915473516201545 0.8641483445350555 0.9478691832166493 0.47245476586380786 0.6276928819844435 
0.10344105894439515 0.33373913405122835 0.8350973239208993 0.610473001976594 0.2655931558393242 0.1236043840384855 0.049291841495542554 0.20257036415200025 0.9736225488941738 
0.4738462601394835 0.5610794464079222 0.6473435061170386 0.21510267612570433 0.4379148869348706 0.7473348577327666 0.8631573576034037 0.46310980350485886 0.4679110809647039 
0.6284872573658813 0.4657352424004789 0.05542502291818019 0.12123373428840989 0.07707456643608013 0.08735171334523184 0.38866979490738984 0.8502777567075023 0.9116956673302774 
0.609187686798477 0.12515596434897602 0.5972011027614617 0.04561115570313745 0.131053445747215 0.23955477593577545 0.08417477281317542 0.27422594088262986 0.7832932863756148 
0.6271252539881826 0.8900091608915487 0.027108741838750117 0.18493025955372133 0.8123827657104129 0.1389410305177965 0.4998794352084446 0.8741125685617425 0.8811809675859018 
0.12957957580989687 0.5835883140588634 0.29324154784571765 0.7093884775090306 0.3026277439715044 0.2591783976743346 0.058659698568919616 0.8922752205095097 0.35820834153018954 
0.7956192980377589 0.04261665431021977 0.5591394039748283 0.4644213014212166 0.26943942205389293 0.4083432733328256 0.09957557378971238 0.44904847655826885 0.4628488858676185 
0.1024284428791079 0.8731227874713945 0.721679362012734 0.8607995010094797 0.9915473516201545 0.8641483445350555 0.9478691832166493 0.47245476586380786 0.6276928819844435 
0.10344105894439515 0.33373913405122835 0.8350973239208993 0.610473001976594 0.2655931558393242 0.1236043840384855 0.049291841495542554 0.20257036415200025 0.9736225488941738 
0.4738462601394835 0.5610794464079222 0.6473435061170386 0.21510267612570433 0.4379148869348706 0.7473348577327666 0.8631573576034037 0.46310980350485886 0.4679110809647039 
0.6284872573658813 0.4657352424004789 0.05542502291818019 0.12123373428840989 0.07707456643608013 0.08735171334523184 0.38866979490738984 0.8502777567075023 0.9116956673302774 
0.609187686798477 0.12515596434897602 0.5972011027614617 0.04561115570313745 0.131053445747215 0.23955477593577545 0.08417477281317542 0.27422594088262986 0.7832932863756148 
0.6271252539881826 0.8900091608915487 0.027108741838750117 0.18493025955372133 0.8123827657104129 0.1389410305177965 0.4998794352084446 0.8741125685617425 0.8811809675859018 
0.12957957580989687 0.5835883140588634 0.29324154784571765 0.7093884775090306 0.3026277439715044 0.2591783976743346 0.058659698568919616 0.8922752205095097 0.35820834153018954 
0.7956192980377589 0.04261665431021977 0.5591394039748283 0.4644213014212166 0.26943942205389293 0.4083432733328256 0.09957557378971238 0.44904847655826885 0.4628488858676185 
0.1024284428791079 0.8731227874713945 0.721679362012734 0.8607995010094797 0.9915473516201545 0.8641483445350555 0.9478691832166493 0.47245476586380786 0.6276928819844435 
0.10344105894439515 0.33373913405122835 0.8350973239208993 0.610473001976594 0.2655931558393242 0.1236043840384855 0.049291841495542554 0.20257036415200025 0.9736225488941738 
0.4738462601394835 0.5610794464079222 0.6473435061170386 0.21510267612570433 0.4379148869348706 0.7473348577327666 0.8631573576034037 0.46310980350485886 0.4679110809647039 
0.6284872573658813 0.4657352424004789 0.05542502291818019 0.12123373428840989 0.07707456643608013 0.08735171334523184 0.38866979490738984 0.8502777567075023 0.9116956673302774 
0.609187686798477 0.12515596434897602 0.5972011027614617 0.04561115570313745 0.131053445747215 0.23955477593577545 0.08417477281317542 0.27422594088262986 0.7832932863756148 
0.6271252539881826 0.8900091608915487 0.027108741838750117 0.18493025955372133 0.8123827657104129 0.1389410305177965 0.4998794352084446 0.8741125685617425 0.8811809675859018 
0.12957957580989687 0.5835883140588634 0.29324154784571765 0.7093884775090306 0.3026277439715044 0.2591783976743346 0.058659698568919616 0.8922752205095097 0.35820834153018954 
0.7956192980377589 0.04261665431021977 0.5591394039748283 0.4644213014212166 0.26943942205389293 0.4083432733328256 0.09957557378971238 0.44904847655826885 0.4628488858676185 
0.1024284428791079 0.8731227874713945 0.721679362012734 0.8607995010094797 0.9915473516201545 0.8641483445350555 0.9478691832166493 0.47245476586380786 0.6276928819844435 
0.10344105894439515 0.33373913405122835 0.8350973239208993 0.610473001976594 0.2655931558393242 0.1236043840384855 0.049291841495542554 0.20257036415200025 0.9736225488941738 
0.4738462601394835 0.5610794464079222 0.6473435061170386 0.21510267612570433 0.4379148869348706 0.7473348577327666 0.8631573576034037 0.46310980350485886 0.4679110809647039 
0.6284872573658813 0.4657352424004789 0.05542502291818019 0.12123373428840989 0.07707456643608013 0.08735171334523184 0.38866979490738984 0.8502777567075023 0.9116956673302774 
0.609187686798477 0.12515596434897602 0.5972011027614617 0.04561115570313745 0.131053445747215 0.23955477593577545 0.08417477281317542 0.27422594088262986 0.7832932863756148 
0.6271252539881826 0.8900091608915487 0.027108741838750117 0.18493025955372133 0.8123827657104129 0.1389410305177965 0.4998794352084446 0.8741125685617425 0.8811809675859018 
0.12957957580989687 0.5835883140588634 0.29324154784571765 0.7093884775090306 0.3026277439715044 0.2591783976743346 0.058659698568919616 0.8922752205095097 0.35820834153018954 
0.7956192980377589 0.04261665431021977 0.5591394039748283 0.4644213014212166 0.26943942205389293 0.4083432733328256 0.09957557378971238 0.44904847655826885 0.4628488858676185 
0.1024284428791079 0.8731227874713945 0.721679362012734 0.8607995010094797 0.9915473516201545 0.8641483445350555 0.9478691832166493 0.47245476586380786 0.6276928819844435 
0.10344105894439515 0.33373913405122835 0.8350973239208993 0.610473001976594 0.2655931558393242 0.1236043840384855 0.049291841495542554 0.20257036415200025 0.9736225488941738 
0.4738462601394835 0.5610794464079222 0.6473435061170386 0.21510267612570433 0.4379148869348706 0.7473348577327666 0.8631573576034037 0.46310980350485886 0.4679110809647039 
0.6284872573658813 0.4657352424004789 0.05542502291818019 0.12123373428840989 0.07707456643608013 0.08735171334523184 0.38866979490738984 0.8502777567075023 0.9116956673302774 
0.609187686798477 0.12515596434897602 0.5972011027614617 0.04561115570313745 0.131053445747215 0.23955477593577545 0.08417477281317542 0.27422594088262986 0.7832932863756148 
0.6271252539881826 0.8900091608915487 0.027108741838750117 0.18493025955372133 0.8123827657104129 0.1389410305177965 0.4998794352084446 0.8741125685617425 0.8811809675859018 
0.12957957580989687 0.5835883140588634 0.29324154784571765 0.7093884775090306 0.3026277439715044 0.2591783976743346 0.058659698568919616 0.8922752205095097 0.35820834153018954 
0.7956192980377589 0.04261665431021977 0.5591394039748283 0.4644213014212166 0.26943942205389293 0.4083432733328256 0.09957557378971238 0.44904847655826885 0.4628488858676185 
0.1024284428791079 0.8731227874713945 0.721679362012734 0.8607995010094797 0.9915473516201545 0.8641483445350555 0.9478691832166493 0.47245476586380786 0.6276928819844435 
0.10344105894439515 0.33373913405122835 0.8350973239208993 0.610473001976594 0.2655931558393242 0.1236043840384855 0.049291841495542554 0.20257036415200025 0.9736225488941738 
0.4738462601394835 0.5610794464079222 0.6473435061170386 0.21510267612570433 0.4379148869348706 0.7473348577327666 0.8631573576034037 0.46310980350485886 0.4679110809647039 
0.6284872573658813 0.4657352424004789 0.05542502291818019 0.12123373428840989 0.07707456643608013 0.08735171334523184 0.38866979490738984 0.8502777567075023 0.9116956673302774 
0.609187686798477 0.12515596434897602 0.5972011027614617 0.04561115570313745 0.131053445747215 0.23955477593577545 0.08417477281317542 0.27422594088262986 0.7832932863756148 
0.6271252539881826 0.8900091608915487 0.027108741838750117 0.18493025955372133 0.8123827657104129 0.1389410305177965 0.4998794352084446 0.8741125685617425 0.8811809675859018 
0.12957957580989687 0.5835883140588634 0.29324154784571765 0.7093884775090306 0.3026277439715044 0.2591783976743346 0.058659698568919616 0.8922752205095097 0.35820834153018954 
0.7956192980377589 0.04261665431021977 0.5591394039748283 0.4644213014212166 0.26943942205389293 0.4083432733328256 0.09957557378971238 0.44904847655826885 0.4628488858676185 
0.1024284428791079 0.8731227874713945 0.721679362012734 0.8607995010094797 0.9915473516201545 0.8641483445350555 0.9478691832166493 0.47245476586380786 0.6276928819844435 
0.10344105894439515 0.33373913405122835 0.8350973239208993 0.610473001976594 0.2655931558393242 0.1236043840384855 0.049291841495542554 0.20257036415200025 0.9736225488941738 
0.4738462601394835 0.5610794464079222 0.6473435061170386 0.21510267612570433 0.4379148869348706 0.7473348577327666 0.8631573576034037 0.46310980350485886 0.4679110809647039 
0.6284872573658813 0.4657352424004789 0.05542502291818019 0.12123373428840989 0.07707456643608013 0.08735171334523184 0.38866979490738984 0.8502777567075023 0.9116956673302774 
0.609187686798477 0.12515596434897602 0.5972011027614617 0.04561115570313745 0.131053445747215 0.23955477593577545 0.08417477281317542 0.27422594088262986 0.7832932863756148 
0.6271252539881826 0.8900091608915487 0.027108741838750117 0.18493025955372133 0.8123827657104129 0.1389410305177965 0.4998794352084446 0.8741125685617425 0.8811809675859018 
0.12957957580989687 0.5835883140588634 0.29324154784571765 0.7093884775090306 0.3026277439715044 0.2591783976743346 0.058659698568919616 0.8922752205095097 0.35820834153018954 
0.7956192980377589 0.04261665431021977 0.5591394039748283 0.4644213014212166 0.26943942205389293 0.4083432733328256 0.09957557378971238 0.44904847655826885 0.4628488858676185 
0.1024284428791079 0.8731227874713945 0.721679362012734 0.8607995010094797 0.9915473516201545 0.8641483445350555 0.9478691832166493 0.47245476586380786 0.6276928819844435 
0.10344105894439515 0.33373913405122835 0.8350973239208993 0.610473001976594 0.2655931558393242 0.1236043840384855 0.049291841495542554 0.20257036415200025 0.9736225488941738 
0.4738462601394835 0.5610794464079222 0.6473435061170386 0.21510267612570433 0.4379148869348706 0.7473348577327666 0.8631573576034037 0.46310980350485886 0.4679110809647039 
0.6284872573658813 0.4657352424004789 0.05542502291818019 0.12123373428840989 0.07707456643608013 0.08735171334523184 0.38866979490738984 0.8502777567075023 0.9116956673302774 
0.609187686798477 0.12515596434897602 0.5972011027614617 0.04561115570313745 0.131053445747215 0.23955477593577545 0.08417477281317542 0.27422594088262986 0.7832932863756148 
0.6271252539881826 0.8900091608915487 0.027108741838750117 0.18493025955372133 0.8123827657104129 0.1389410305177965 0.4998794352084446 0.8741125685617425 0.8811809675859018 
0.12957957580989687 0.5835883140588634 0.29324154784571765 0.7093884775090306 0.3026277439715044 0.2591783976743346 0.058659698568919616 0.8922752205095097 0.35820834153018954 
0.7956192980377589 0.04261665431021977 0.5591394039748283 0.4644213014212166 0.26943942205389293 0.4083432733328256 0.09957557378971238 0.44904847655826885 0.4628488858676185 
0.1024284428791079 0.8731227874713945 0.721679362012734 0.8607995010094797 0.9915473516201545 0.8641483445350555 0.9478691832166493 0.47245476586380786 0.6276928819844435 
0.10344105894439515 0.33373913405122835 0.8350973239208993 0.610473001976594 0.2655931558393242 0.1236043840384855 0.049291841495542554 0.20257036415200025 0.9736225488941738 
0.4738462601394835 0.5610794464079222 0.6473435061170386 0.21510267612570433 0.4379148869348706 0.7473348577327666 0.8631573576034037 0.46310980350485886 0.4679110809647039 
0.6284872573658813 0.4657352424004789 0.05542502291818019 0.12123373428840989 0.07707456643608013 0.08735171334523184 0.38866979490738984 0.8502777567075023 0.9116956673302774 
0.609187686798477 0.12515596434897602 0.5972011027614617 0.04561115570313745 0.131053445747215 0.23955477593577545 0.08417477281317542 0.27422594088262986 0.7832932863756148 
0.6271252539881826 0.8900091608915487 0.027108741838750117 0.18493025955372133 0.8123827657104129 0.1389410305177965 0.4998794352084446 0.8741125685617425 0.8811809675859018 
0.12957957580989687 0.5835883140588634 0.29324154784571765 0.7093884775090306 0.3026277439715044 0.2591783976743346 0.058659698568919616 0.8922752205095097 0.35820834153018954 
0.7956192980377589 0.04261665431021977 0.5591394039748283 0.4644213014212166 0.26943942205389293 0.4083432733328256 0.09957557378971238 0.44904847655826885 0.4628488858676185 
0.1024284428791079 0.8731227874713945 0.721679362012734 0.8607995010094797 0.9915473516201545 0.8641483445350555 0.9478691832166493 0.47245476586380786 0.6276928819844435 
0.10344105894439515 0.33373913405122835 0.8350973239208993 0.610473001976594 0.2655931558393242 0.1236043840384855 0.049291841495542554 0.20257036415200025 0.9736225488941738 
0.4738462601394835 0.5610794464079222 0.6473435061170386 0.21510267612570433 0.4379148869348706 0.7473348577327666 0.8631573576034037 0.46310980350485886 0.4679110809647039 
0.6284872573658813 0.4657352424004789 0.05542502291818019 0.12123373428840989 0.07707456643608013 0.08735171334523184 0.38866979490738984 0.8502777567075023 0.9116956673302774 
0.609187686798477 0.12515596434897602 0.5972011027614617 0.04561115570313745 0.131053445747215 0.23955477593577545 0.08417477281317542 0.27422594088262986 0.7832932863756148 
0.6271252539881826 0.8900091608915487 0.027108741838750117 0.18493025955372133 0.8123827657104129 0.1389410305177965 0.4998794352084446 0.8741125685617425 0.8811809675859018 
0.12957957580989687 0.5835883140588634 0.29324154784571765 0.7093884775090306 0.3026277439715044 0.2591783976743346 0.058659698568919616 0.8922752205095097 0.35820834153018954 
0.7956192980377589 0.04261665431021977 0.5591394039748283 0.4644213014212166 0.26943942205389293 0.4083432733328256 0.09957557378971238 0.44904847655826885 0.4628488858676185 
0.1024284428791079 0.8731227874713945 0.721679362012734 0.8607995010094797 0.9915473516201545 0.8641483445350555 0.9478691832166493 0.47245476586380786 0.6276928819844435 
0.10344105894439515 0.33373913405122835 0.8350973239208993 0.610473001976594 0.2655931558393242 0.1236043840384855 0.049291841495542554 0.20257036415200025 0.9736225488941738 
0.4738462601394835 0.5610794464079222 0.6473435061170386 0.21510267612570433 0.4379148869348706 0.7473348577327666 0.8631573576034037 0.46310980350485886 0.4679110809647039 
0.6284872573658813 0.4657352424004789 0.05542502291818019 0.12123373428840989 0.07707456643608013 0.08735171334523184 0.38866979490738984 0.8502777567075023 0.9116956673302774 
0.609187686798477 0.12515596434897602 0.5972011027614617 0.04561115570313745 0.131053445747215 0.23955477593577545 0.08417477281317542 0.27422594088262986 0.7832932863756148 
0.6271252539881826 0.8900091608915487 0.027108741838750117 0.18493025955372133 0.8123827657104129 0.1389410305177965 0.4998794352084446 0.8741125685617425 0.8811809675859018 
0.12957957580989687 0.5835883140588634 0.29324154784571765 0.7093884775090306 0.3026277439715044 0.2591783976743346 0.058659698568919616 0.8922752205095097 0.35820834153018954 
0.7956192980377589 0.04261665431021977 0.5591394039748283 0.4644213014212166 0.26943942205389293 0.4083432733328256 0.09957557378971238 0.44904847655826885 0.4628488858676185 
0.1024284428791079 0.8731227874713945 0.721679362012734 0.8607995010094797 0.9915473516201545 0.8641483445350555 0.9478691832166493 0.47245476586380786 0.6276928819844435 
0.10344105894439515 0.33373913405122835 0.8350973239208993 0.610473001976594 0.2655931558393242 0.1236043840384855 0.049291841495542554 0.20257036415200025 0.9736225488941738 
0.4738462601394835 0.5610794464079222 0.6473435061170386 0.21510267612570433 0.4379148869348706 0.7473348577327666 0.8631573576034037 0.46310980350485886 0.4679110809647039 
0.6284872573658813 0.4657352424004789 0.05542502291818019 0.12123373428840989 0.07707456643608013 0.08735171334523184 0.38866979490738984 0.8502777567075023 0.9116956673302774 
0.609187686798477 0.12515596434897602 0.5972011027614617 0.04561115570313745 0.131053445747215 0.23955477593577545 0.08417477281317542 0.27422594088262986 0.7832932863756148 
0.6271252539881826 0.8900091608915487 0.027108741838750117 0.18493025955372133 0.8123827657104129 0.1389410305177965 0.4998794352084446 0.8741125685617425 0.8811809675859018 
0.12957957580989687 0.5835883140588634 0.29324154784571765 0.7093884775090306 0.3026277439715044 0.2591783976743346 0.058659698568919616 0.8922752205095097 0.35820834153018954 
0.7956192980377589 0.04261665431021977 0.5591394039748283 0.4644213014212166 0.26943942205389293 0.4083432733328256 0.09957557378971238 0.44904847655826885 0.4628488858676185 
0.1024284428791079 0.8731227874713945 0.721679362012734 0.8607995010094797 0.9915473516201545 0.8641483445350555 0.9478691832166493 0.47245476586380786 0.6276928819844435 
0.10344105894439515 0.33373913405122835 0.8350973239208993 0.610473001976594 0.2655931558393242 0.1236043840384855 0.049291841495542554 0.20257036415200025 0.9736225488941738 
0.4738462601394835 0.5610794464079222 0.6473435061170386 0.21510267612570433 0.4379148869348706 0.7473348577327666 0.8631573576034037 0.46310980350485886 0.4679110809647039 
0.6284872573658813 0.4657352424004789 0.05542502291818019 0.12123373428840989 0.07707456643608013 0.08735171334523184 0.38866979490738984 0.8502777567075023 0.9116956673302774 
0.609187686798477 0.12515596434897602 0.5972011027614617 0.04561115570313745 0.131053445747215 0.23955477593577545 0.08417477281317542 0.27422594088262986 0.7832932863756148 
0.6271252539881826 0.8900091608915487 0.027108741838750117 0.18493025955372133 0.8123827657104129 0.1389410305177965 0.4998794352084446 0.8741125685617425 0.8811809675859018 
0.12957957580989687 0.5835883140588634 0.29324154784571765 0.7093884775090306 0.3026277439715044 0.2591783976743346 0.058659698568919616 0.8922752205095097 0.35820834153018954 
0.7956192980377589 0.04261665431021977 0.5591394039748283 0.4644213014212166 0.26943942205389293 0.4083432733328256 0.09957557378971238 0.44904847655826885 0.4628488858676185 
0.1024284428791079 0.8731227874713945 0.721679362012734 0.8607995010094797 0.9915473516201545 0.8641483445350555 0.9478691832166493 0.47245476586380786 0.6276928819844435 
0.10344105894439515 0.33373913405122835 0.8350973239208993 0.610473001976594 0.2655931558393242 0.1236043840384855 0.049291841495542554 0.20257036415200025 0.9736225488941738 
0.4738462601394835 0.5610794464079222 0.6473435061170386 0.21510267612570433 0.4379148869348706 0.7473348577327666 0.8631573576034037 0.46310980350485886 0.4679110809647039 
0.6284872573658813 0.4657352424004789 0.05542502291818019 0.12123373428840989 0.07707456643608013 0.08735171334523184 0.38866979490738984 0.8502777567075023 0.9116956673302774 
0.609187686798477 0.12515596434897602 0.5972011027614617 0.04561115570313745 0.131053445747215 0.23955477593577545 0.08417477281317542 0.27422594088262986 0.7832932863756148 
0.6271252539881826 0.8900091608915487 0.027108741838750117 0.18493025955372133 0.8123827657104129 0.1389410305177965 0.4998794352084446 0.8741125685617425 0.8811809675859018 
0.12957957580989687 0.5835883140588634 0.29324154784571765 0.7093884775090306 0.3026277439715044 0.2591783976743346 0.058659698568919616 0.8922752205095097 0.35820834153018954 
0.7956192980377589 0.04261665431021977 0.5591394039748283 0.4644213014212166 0.26943942205389293 0.4083432733328256 0.09957557378971238 0.44904847655826885 0.4628488858676185 
0.1024284428791079 0.8731227874713945 0.721679362012734 0.8607995010094797 0.9915473516201545 0.8641483445350555 0.9478691832166493 0.47245476586380786 0.6276928819844435 
0.10344105894439515 0.33373913405122835 0.8350973239208993 0.610473001976594 0.2655931558393242 0.1236043840384855 0.049291841495542554 0.20257036415200025 0.9736225488941738 
0.4738462601394835 0.5610794464079222 0.6473435061170386 0.21510267612570433 0.4379148869348706 0.7473348577327666 0.8631573576034037 0.46310980350485886 0.4679110809647039 
0.6284872573658813 0.4657352424004789 0.05542502291818019 0.12123373428840989 0.07707456643608013 0.08735171334523184 0.38866979490738984 0.8502777567075023 0.9116956673302774 
0.609187686798477 0.12515596434897602 0.5972011027614617 0.04561115570313745 0.131053445747215 0.23955477593577545 0.08417477281317542 0.27422594088262986 0.7832932863756148 
0.6271252539881826 0.8900091608915487 0.027108741838750117 0.18493025955372133 0.8123827657104129 0.1389410305177965 0.4998794352084446 0.8741125685617425 0.8811809675859018 
0.12957957580989687 0.5835883140588634 0.29324154784571765 0.7093884775090306 0.3026277439715044 0.2591783976743346 0.058659698568919616 0.8922752205095097 0.35820834153018954 
0.7956192980377589 0.04261665431021977 0.5591394039748283 0.4644213014212166 0.26943942205389293 0.4083432733328256 0.09957557378971238 0.44904847655826885 0.4628488858676185 
0.1024284428791079 0.8731227874713945 0.721679362012734 0.8607995010094797 0.9915473516201545 0.8641483445350555 0.9478691832166493 0.47245476586380786 0.6276928819844435 
0.10344105894439515 0.33373913405122835 0.8350973239208993 0.610473001976594 0.2655931558393242 0.1236043840384855 0.049291841495542554 0.20257036415200025 0.9736225488941738 
0.4738462601394835 0.5610794464079222 0.6473435061170386 0.21510267612570433 0.4379148869348706 0.7473348577327666 0.8631573576034037 0.46310980350485886 0.4679110809647039 
0.6284872573658813 0.4657352424004789 0.05542502291818019 0.12123373428840989 0.07707456643608013 0.08735171334523184 0.38866979490738984 0.8502777567075023 0.9116956673302774 
0.609187686798477 0.12515596434897602 0.5972011027614617 0.04561115570313745 0.131053445747215 0.23955477593577545 0.08417477281317542 0.27422594088262986 0.7832932863756148 
0.6271252539881826 0.8900091608915487 0.027108741838750117 0.18493025955372133 0.8123827657104129 0.1389410305177965 0.4998794352084446 0.8741125685617425 0.8811809675859018 
0.12957957580989687 0.5835883140588634 0.29324154784571765 0.7093884775090306 0.3026277439715044 0.2591783976743346 0.058659698568919616 0.8922752205095097 0.35820834153018954 
0.7956192980377589 0.04261665431021977 0.5591394039748283 0.4644213014212166 0.26943942205389293 0.4083432733328256 0.09957557378971238 0.44904847655826885 0.4628488858676185 
0.1024284428791079 0.8731227874713945 0.721679362012734 0.8607995010094797 0.9915473516201545 0.8641483445350555 0.9478691832166493 0.47245476586380786 0.6276928819844435 
0.10344105894439515 0.33373913405122835 0.8350973239208993 0.610473001976594 0.2655931558393242 0.1236043840384855 0.049291841495542554 0.20257036415200025 0.9736225488941738 
0.4738462601394835 0.5610794464079222 0.6473435061170386 0.21510267612570433 0.4379148869348706 0.7473348577327666 0.8631573576034037 0.46310980350485886 0.4679110809647039 
0.6284872573658813 0.4657352424004789 0.05542502291818019 0.12123373428840989 0.07707456643608013 0.08735171334523184 0.38866979490738984 0.8502777567075023 0.9116956673302774 
0.609187686798477 0.12515596434897602 0.5972011027614617 0.04561115570313745 0.131053445747215 0.23955477593577545 0.08417477281317542 0.27422594088262986 0.7832932863756148 
0.6271252539881826 0.8900091608915487 0.027108741838750117 0.18493025955372133 0.8123827657104129 0.1389410305177965 0.4998794352084446 0.8741125685617425 0.8811809675859018 
0.12957957580989687 0.5835883140588634 0.29324154784571765 0.7093884775090306 0.3026277439715044 0.2591783976743346 0.058659698568919616 0.8922752205095097 0.35820834153018954 
0.7956192980377589 0.04261665431021977 0.5591394039748283 0.4644213014212166 0.26943942205389293 0.4083432733328256 0.09957557378971238 0.44904847655826885 0.4628488858676185 
0.1024284428791079 0.8731227874713945 0.721679362012734 0.8607995010094797 0.9915473516201545 0.8641483445350555 0.9478691832166493 0.47245476586380786 0.6276928819844435 
0.10344105894439515 0.33373913405122835 0.8350973239208993 0.610473001976594 0.2655931558393242 0.1236043840384855 0.049291841495542554 0.20257036415200025 0.9736225488941738 
0.4738462601394835 0.5610794464079222 0.6473435061170386 0.21510267612570433 0.4379148869348706 0.7473348577327666 0.8631573576034037 0.46310980350485886 0.4679110809647039 
0.6284872573658813 0.4657352424004789 0.05542502291818019 0.12123373428840989 0.07707456643608013 0.08735171334523184 0.38866979490738984 0.8502777567075023 0.9116956673302774 
0.609187686798477 0.12515596434897602 0.5972011027614617 0.04561115570313745 0.131053445747215 0.23955477593577545 0.08417477281317542 0.27422594088262986 0.7832932863756148 
0.6271252539881826 0.8900091608915487 0.027108741838750117 0.18493025955372133 0.8123827657104129 0.1389410305177965 0.4998794352084446 0.8741125685617425 0.8811809675859018 
0.12957957580989687 0.5835883140588634 0.29324154784571765 0.7093884775090306 0.3026277439715044 0.2591783976743346 0.058659698568919616 0.8922752205095097 0.35820834153018954 
0.7956192980377589 0.04261665431021977 0.5591394039748283 0.4644213014212166 0.26943942205389293 0.4083432733328256 0.09957557378971238 0.44904847655826885 0.4628488858676185 
0.1024284428791079 0.8731227874713945 0.721679362012734 0.8607995010094797 0.9915473516201545 0.8641483445350555 0.9478691832166493 0.47245476586380786 0.6276928819844435 
0.10344105894439515 0.33373913405122835 0.8350973239208993 0.610473001976594 0.2655931558393242 0.1236043840384855 0.049291841495542554 0.20257036415200025 0.9736225488941738 
0.4738462601394835 0.5610794464079222 0.6473435061170386 0.21510267612570433 0.4379148869348706 0.7473348577327666 0.8631573576034037 0.46310980350485886 0.4679110809647039 
0.6284872573658813 0.4657352424004789 0.05542502291818019 0.12123373428840989 0.07707456643608013 0.08735171334523184 0.38866979490738984 0.8502777567075023 0.9116956673302774 
0.609187686798477 0.12515596434897602 0.5972011027614617 0.04561115570313745 0.131053445747215 0.23955477593577545 0.08417477281317542 0.27422594088262986 0.7832932863756148 
0.6271252539881826 0.8900091608915487 0.027108741838750117 0.18493025955372133 0.8123827657104129 0.1389410305177965 0.4998794352084446 0.8741125685617425 0.8811809675859018 
0.12957957580989687 0.5835883140588634 0.29324154784571765 0.7093884775090306 0.3026277439715044 0.2591783976743346 0.058659698568919616 0.8922752205095097 0.35820834153018954 
0.7956192980377589 0.04261665431021977 0.5591394039748283 0.4644213014212166 0.26943942205389293 0.4083432733328256 0.09957557378971238 0.44904847655826885 0.4628488858676185 
0.1024284428791079 0.8731227874713945 0.721679362012734 0.8607995010094797 0.9915473516201545 0.8641483445350555 0.9478691832166493 0.47245476586380786 0.6276928819844435 
0.6246057144271981 0.0801318516014703 0.20712788298963847 0.8380334071360025 0.3307389896108862 0.908398440207309 0.8880819092928579 0.8839799562017668 0.4201770828377527 
0.33034961481372815 0.38841439447276715 0.07026040024351898 0.4693776532491276 0.3824096196420814 0.37578361459160337 0.09410565518219138 0.13242679404516533 0.16956672298313824 
0.7609799271314475 0.7561098656858126 0.0968416724473905 0.48535318723663257 0.5967229286304111 0.9126537307368463 0.7900247570006317 0.7133807729037707 0.9063949687950484 
